30 0.5529427874999999 0.44690650156249995 0.488887659375 0.3983703453125 0.41634490625 0.41488380625000004 0.3974700859375 0.5796503640624999 0.5283213375 0.6037805578125 0.528520428125 0.6021084046875 0.5529427874999999 0.44690650156249995
8 0.6423277203125 0.45741090937499995 0.6218811343749999 0.435706021875 0.5895970453125 0.43231516093750005 0.5630811078125 0.4615865421875 0.56114378125 0.50905599375 0.5851557234375 0.538251134375 0.6026024828125001 0.54146848125 0.632216571875 0.5298490109375 0.6423413078125 0.5009699796875 0.6423277203125 0.45741090937499995
35 0.4474064515625 0.341186590625 0.430404546875 0.30303500625 0.40278041875000004 0.2979408609375 0.3790817640625 0.3097974296875 0.36125056718750004 0.35348214218749996 0.3764011859375 0.3947073734375 0.398370371875 0.4098616125 0.4309227296875 0.4047616546875 0.44322759375 0.3762846578125 0.4474064515625 0.341186590625
19 0.5630402421875 0.5555235640625 0.543954559375 0.597269415625 0.55193525625 0.6363186859375001 0.577569421875 0.6581264515624999 0.5914809546875001 0.65983810625 0.62123371875 0.6345786671875 0.626905203125 0.5869440703125 0.60471441875 0.5486907125 0.5630402421875 0.5555235640625
31 0.46851093125 0.6755926015625 0.47737821875 0.7259082828125 0.5194024453125 0.7473234843750001 0.5562255078125 0.7250767406249999 0.5630217281250001 0.6742331687500001 0.540143440625 0.6230412484375 0.4964880671875 0.6278012265624999 0.46851093125 0.6755926015625
37 0.5222057812500001 0.3806011625 0.5480613875 0.4255093578125 0.56977008125 0.43036640468750004 0.60318766875 0.411761803125 0.609257178125 0.36078421875 0.590433959375 0.331692165625 0.5466175609375 0.3253195328125 0.5222057812500001 0.3806011625
10 0.5315587890625 0.302045584375 0.504837953125 0.27064203125 0.4665311859375 0.2866375 0.44546331875 0.3263089546875 0.4538721703125 0.36799980625 0.48925555468750004 0.38904279218750004 0.48842922031249997 0.3897455140625 0.5195963531250001 0.377557334375 0.5313431546875 0.3412922375 0.5315587890625 0.302045584375
22 0.3548057015625 0.43257266406249995 0.33130597812499996 0.4427583984375 0.3276244546875 0.47367937812500005 0.3395763078125 0.49808790312499995 0.356823975 0.5029773984375 0.3766196671875 0.49894137812499995 0.382253246875 0.46411022968750004 0.378795134375 0.43699653906249997 0.3548057015625 0.43257266406249995
28 0.448023478125 0.747824734375 0.46264035625 0.724899346875 0.467018303125 0.6881291296875001 0.45850998593750003 0.6472736953125 0.42342515937499997 0.623723140625 0.398172471875 0.63614689375 0.3804721734375 0.6849796515625 0.3881152625 0.7393397265625 0.41153786875 0.7547619906249999 0.41078102968749997 0.7486434109375 0.411836425 0.752254421875 0.448023478125 0.747824734375
20 0.7897468578125 0.9250506484375001 0.8647287328125 0.8944851609375 0.9011136015625001 0.8541116671875001 0.9411980249999999 0.8023118046875 0.9430607312499999 0.7179058109375 0.9248267984374999 0.66476840625 0.8695414484375 0.6084876921875 0.8300730406250001 0.596175525 0.8142077328124999 0.5919053078125 0.7877913296875 0.5682000609375 0.7590092140625 0.5938334484375 0.7020246984375 0.630408171875 0.6860353671875 0.6664717296875 0.6721929421875 0.674680471875 0.6652348296875 0.7527674609375 0.671335625 0.8292264312500001 0.6881118500000001 0.8847840328125001 0.7324782984375 0.90507288125 0.7897468578125 0.9250506484375001
5 0.30092166875 0.16582215312499998 0.2310560125 0.0969342859375 0.19100114375 0.08954779375000001 0.1257542265625 0.107110884375 0.102508040625 0.1943014625 0.0990158203125 0.3120397359375 0.148448121875 0.3978339453125 0.20280095468749998 0.4226547328125 0.23981269843750003 0.3770161359375 0.3141972515625 0.29252939375000003 0.341536046875 0.239726309375 0.30092166875 0.16582215312499998