30 0.4734815671875 0.42205882343749995 0.4734815671875 0.423758021875 0.46762672812500006 0.5825601609375 0.5364170500000001 0.619076203125 0.605938940625 0.589354278125 0.6052073734375 0.42205882343749995 0.4734815671875 0.42205882343749995
8 0.40103225781249996 0.6063382359375 0.43323156718750006 0.60379010625 0.455918203125 0.5698221921875 0.4522592171875 0.5222660421875001 0.42518202812499994 0.49763903750000005 0.4076186640625 0.49763903750000005 0.3798099078125 0.5146229953125 0.3732235015625 0.5451951875 0.378345621875 0.588505346875 0.40103225781249996 0.6063382359375
35 0.6052073734375 0.7031483953125 0.6330161296875 0.7031483953125 0.6549700453125 0.68701336875 0.667411290625 0.64030615 0.6476520734375 0.6020922453125 0.6242338703125 0.5910521390625 0.5927661296875 0.6020922453125 0.5839850234374999 0.6326644390625 0.5839850234374999 0.6683302140625 0.6052073734375 0.7031483953125
19 0.44494124375000005 0.476409090625 0.458845621875 0.4313997328125 0.446404378125 0.394034759375 0.41859562187500005 0.3770508015625 0.40469124375 0.3778997328125 0.378345621875 0.408471925 0.378345621875 0.4568770046875 0.40469124375 0.49084492031250004 0.44494124375000005 0.476409090625
31 0.5020218890625 0.3923368984375 0.52397580625 0.33968582812500003 0.5093398625 0.2912807484375 0.46543202812500006 0.2776925140625 0.4317684328125 0.30656550781249997 0.431036865625 0.358367646875 0.45957718906249995 0.40507486562499995 0.5020218890625 0.3923368984375
37 0.48811751093750005 0.702299465625 0.505680875 0.642854278125 0.4749447 0.6029411765625 0.45299078281250005 0.6020922453125 0.4222546078125 0.6267192515625 0.4222546078125 0.678521390625 0.44420852499999997 0.7039973265625 0.48811751093750005 0.702299465625
10 0.535685484375 0.7490066843750001 0.571543778125 0.726077540625 0.587644009375 0.6827673796875 0.5744711984374999 0.642854278125 0.5371486171875001 0.6284184484375 0.537880184375 0.62756818125 0.5086082953125 0.64540240625 0.501290321875 0.6836163109375 0.505680875 0.7226804812500001 0.535685484375 0.7490066843750001
22 0.6644838703125 0.5604812828125 0.6864377875 0.5460441171875 0.6864377875 0.5146229953125 0.67180184375 0.49254411718749996 0.6542384796875 0.49084492031250004 0.63521198125 0.49848796718750005 0.6337476953125 0.5341550796875 0.6403341015625 0.5604812828125 0.6644838703125 0.5604812828125
28 0.5371486171875001 0.3660106953125 0.5744711984374999 0.38299465312500003 0.5978894015625 0.3660106953125 0.6095979265625 0.31420855625 0.5956935484375 0.2615574859375 0.5708122125 0.2505173796875 0.5722753453125 0.2564625671875 0.5708122125 0.25306550781250003 0.535685484375 0.264105615625 0.52397580625 0.2895815515625 0.52397580625 0.3269465234375 0.5371486171875001 0.3660106953125
20 0.247407834375 0.47424999999999995 0.2992511515625 0.4274331546875 0.31077188906250003 0.3886417109375 0.3234447 0.3779411765625 0.321140553125 0.299020053125 0.30616359375 0.2241123 0.2831221203125 0.1719451875 0.23703917031250002 0.1599064171875 0.178283409375 0.15054278125 0.10800691250000001 0.1946844921875 0.076900921875 0.2415013375 0.0434907828125 0.3003582890625 0.051555300000000005 0.38462834218749997 0.0757488484375 0.43412165781249995 0.13680875625 0.4799465234375 0.1771313359375 0.484951871875 0.19326036875 0.48628877031249995 0.22206221249999997 0.5050160421875 0.247407834375 0.47424999999999995
5 0.9282834093749999 0.8421016046875 0.940956221875 0.7511417109375 0.9305875578125 0.63342914375 0.871831796875 0.5571844921875 0.8153801843749999 0.5424705875 0.78427419375 0.5946377 0.7209101375 0.692286096875 0.7001728109375 0.7498034765625 0.7488479265625 0.8158422453125 0.8257488484375 0.8715294124999999 0.8660714281249999 0.8715294124999999 0.9282834093749999 0.8421016046875