30 0.57070600625 0.5362277765625 0.5690452328125 0.5357676453125 0.41507896093749996 0.48710882812499995 0.3647622578125 0.5436774640625 0.3790301328125 0.6188896578125 0.5426980796875001 0.6634854156250001 0.57070600625 0.5362277765625
8 0.5001517328125 0.4206677109375 0.4716712921875 0.40602596875 0.428251425 0.3992462390625 0.40599809374999996 0.416334309375 0.401642290625 0.44813142812500006 0.4300183890625 0.4792468171875 0.47727713437499997 0.4885898375 0.5071044796875 0.46909994375 0.510838853125 0.4521323328125 0.5001517328125 0.4206677109375
35 0.36938105 0.6027143140625 0.34136725156250003 0.5859523156249999 0.3065079859375 0.5762942578125 0.2679647921875 0.5873682062500001 0.2620520125 0.6142336828125 0.273154271875 0.6398121765625 0.3161600046875 0.6644794203125 0.35771104062500003 0.6557385140624999 0.37348074375 0.63610425 0.36938105 0.6027143140625
19 0.5569032546875 0.4348903296875 0.518101771875 0.4511440140625 0.523653090625 0.493937853125 0.5646882609375 0.5195588296875 0.60385359375 0.517657784375 0.626366271875 0.4953914515625 0.628492928125 0.48172882968749997 0.60421375 0.44799810781250005 0.5569032546875 0.4348903296875
31 0.590262296875 0.5273941828125001 0.593687503125 0.5718485078125 0.64048006875 0.6073153078125 0.6909025 0.6062835953125 0.7135192765625 0.5675447296875 0.692456840625 0.5272043921875 0.6419816515625001 0.5124699609375 0.590262296875 0.5273941828125001
37 0.301367103125 0.4316005890625 0.2936905140625 0.47447994062500004 0.34805709218750003 0.5075449187500001 0.393602853125 0.488659528125 0.39910049375 0.4676801765625 0.3815655953125 0.431317746875 0.330934859375 0.41729006875 0.301367103125 0.4316005890625
10 0.3449441484375 0.509683025 0.3091503453125 0.4922652046875 0.27003600156249996 0.48592850781249997 0.23792544375000002 0.507786390625 0.2527117953125 0.548637425 0.2916193046875 0.5759196390625 0.3334306921875 0.574001859375 0.355475721875 0.5418543953125 0.35615121250000004 0.5427913953125 0.3449441484375 0.509683025
22 0.42706833125 0.6607027140625 0.399937021875 0.65993674375 0.3948022265625 0.6832673484375 0.40424501875 0.7083860734375 0.434955615625 0.7168947078125 0.45964715937499995 0.7087340328125 0.46504230625 0.692226553125 0.4616175625 0.6717757515625 0.42706833125 0.6607027140625
28 0.7115518093750001 0.676512828125 0.7151831468750001 0.6760192265625 0.7118614375 0.639094415625 0.689451334375 0.6208832156249999 0.6529312984375 0.6107650265625 0.6119496421874999 0.61291269375 0.5874141078124999 0.6443701390625 0.5990347593750001 0.6715931375 0.6471759953125 0.696932184375 0.70159285625 0.6977570109375 0.7176736531250001 0.6767092421875 0.7115518093750001 0.676512828125
20 0.855638603125 0.4200544953125 0.8772034328125 0.3787947078125 0.8988481515625001 0.324567565625 0.8706470124999999 0.244721578125 0.8315026828125 0.201993015625 0.7810804265625 0.153778078125 0.6970012718749999 0.13874926875 0.643483046875 0.1487197015625 0.5857116828125 0.195299371875 0.572246015625 0.23289878593750002 0.567509946875 0.2481186953125 0.543082221875 0.2708723515625 0.567763490625 0.3036894859375 0.6024985875 0.3664519609375 0.6379632671875 0.38808638281249996 0.6457273 0.40322696249999995 0.7233536921875 0.42237229374999996 0.799752 0.42818788437500005 0.855638603125 0.4200544953125
5 0.25398039843750003 0.702087746875 0.20217289218749998 0.6664785046875 0.1272780140625 0.6956196875 0.056499201562500004 0.7548323921875 0.047925696875 0.793787221875 0.0634603578125 0.8618578171875001 0.1496688453125 0.89873210625 0.26692419218749996 0.9205909390624999 0.35393754374999997 0.8844747375 0.3803216296875 0.8339224046875 0.3359480203125 0.789745025 0.25398039843750003 0.702087746875