30 0.7135216359375 0.6614513796875 0.885425253125 0.6378115984375 0.954329003125 0.5171394390625 0.8391117421875001 0.3761808734375 0.6619761984375 0.370300328125 0.542315615625 0.4877855515625 0.5455874281249999 0.48849007968749997 0.5808508906250001 0.589003946875 0.7135216359375 0.6614513796875
5 0.489407871875 0.6583615796875 0.5079333328125 0.7346218375 0.615405246875 0.7822839296875 0.7923638828125 0.8113544062500001 0.9200818265624999 0.7962690375 0.9530977281249999 0.6420590140625 0.899695975 0.6279778578124999 0.7271121671875 0.6695385328125 0.540862025 0.60620306875 0.489407871875 0.6583615796875
37 0.5602163124999999 0.5742359609375 0.5481561828125 0.402576915625 0.2346634828125 0.377658890625 0.2706768921875 0.7364446609375 0.42615350625000004 0.7544368453125 0.5602163124999999 0.5742359609375
28 0.7410250484375001 1 0.712144215625 0.8766762859374999 0.5845284875 0.8569391109375 0.5637489875 0.9185382750000001 0.610424840625 1 0.7410250484375001 1
35 0.573338928125 1 0.5794027625 0.9913447671875 0.5473471828124999 0.8992643390625 0.5355733890625001 0.868337009375 0.47236008281249997 0.8521447796875 0.37890942031249997 0.8629941671875001 0.3703163546875 0.9153475562500001 0.376447909375 1 0.573338928125 1
37 0.28475930781250003 0.9291885390625 0.3375509390625 0.916036440625 0.3727532375 0.882317909375 0.3880050328125 0.8159130140625 0.3064313953125 0.73769126875 0.2173223046875 0.7520575468749999 0.172232740625 0.8288145890624999 0.2147821875 0.9050856546875 0.28475930781250003 0.9291885390625
37 0.2477230296875 0.7392446171875 0.24115076562499999 0.67072061875 0.20631765781250003 0.620632678125 0.107914934375 0.6007335125 0.0607305265625 0.7015610109375 0.1142806421875 0.7672958640624999 0.1986482078125 0.7661037640624999 0.2477230296875 0.7392446171875
10 0.1769995734375 0.5988325062500001 0.22489918437499998 0.5472004312500001 0.1656546484375 0.47636888437499997 0.111465496875 0.4582459984375 0.03598948125 0.5103941562500001 0.0441369109375 0.5870000156249999 0.12037317031250001 0.6137408640625 0.1769995734375 0.5988325062500001
10 0.2304720328125 0.4257977484375 0.22412245 0.36377420781250003 0.16785272499999998 0.3322999671875 0.085000646875 0.349303753125 0.075397503125 0.391114953125 0.091113278125 0.44224864531249997 0.1613727546875 0.4651221671875 0.2304720328125 0.4257977484375
37 0.1799235203125 0.32457451875 0.2326408296875 0.35657565468749997 0.2829505390625 0.3467596140625 0.3201318453125 0.3044343859375 0.3234161703125 0.267715046875 0.2961350109375 0.2295762953125 0.2329217046875 0.21338406718749997 0.16466987187499998 0.249018790625 0.165502675 0.2827525078125 0.1799235203125 0.32457451875
10 0.34015629999999997 0.2919691140625 0.4429585140625 0.30765329218750004 0.52503570625 0.24918390625 0.5269964625 0.1360379421875 0.351897478125 0.11382042031249999 0.289310784375 0.2293986609375 0.34015629999999997 0.2919691140625
31 0.824732325 0.22208977187499998 0.7909385796875 0.1076971984375 0.6637249359374999 0.07126940937500001 0.5734692734375 0.1279777015625 0.546711771875 0.199647715625 0.584191559375 0.2606319359375 0.7308052625 0.2947830046875 0.824732325 0.22208977187499998