30 0.6020620921875001 0.9686601312500001 0.71518300625 0.8245359484374999 0.6837614375000001 0.6502440093749999 0.5442434640625 0.5597450984375001 0.5442434640625 0.5630980390625 0.4537450984375 0.6200762531249999 0.4110098046875 0.7658779953125 0.4700849671875 0.9284400875 0.6020620921875001 0.9686601312500001
5 0.2815490203125 0.8764880171874999 0.32302614375 0.99782135 0.4801405234375 0.9954749453125 0.48265522812499995 0.940169934375 0.40598365937500003 0.7809629625000001 0.42860784374999994 0.58488453125 0.3670179734375 0.5463376906249999 0.29663071875 0.581531590625 0.27275 0.69716775625 0.2815490203125 0.8764880171874999
37 0.260181371875 0.506117646875 0.463800653125 0.5966143796875001 0.6284558828125 0.5463376906249999 0.5869787578125 0.23462309375 0.2450980390625 0.350259259375 0.260181371875 0.506117646875
28 0.05279085 0.74744444375 0.0779281046875 0.8731350765625001 0.201106209375 0.8128039218750001 0.193565359375 0.6837603484375 0.129214003125 0.6772847015625 0.05279085 0.74744444375
35 0.0615882359375 0.7088997828125 0.1445457515625 0.6569455343749999 0.1721977125 0.6385119828125 0.174710784375 0.5731525046875 0.1445457515625 0.48433115468750004 0.0917549015625 0.4876819171875 0.01005555625 0.5128213500000001 0.002513071875 0.5966143796875001 0.012568628125 0.6887886703125 0.0615882359375 0.7088997828125
37 0.12443464062500001 0.4826535953125 0.1923071890625 0.4826535953125 0.251382353125 0.385453159375 0.2187026140625 0.30166013125 0.1344901953125 0.27484531562500003 0.06913071875 0.3335010890625 0.0603317 0.40723965156249997 0.08421241874999999 0.455840959375 0.12443464062500001 0.4826535953125
37 0.3029166671875 0.306686275 0.344393790625 0.2614379078125 0.3431372546875 0.16088453125 0.235042484375 0.13742265781250002 0.182251634375 0.204457515625 0.201106209375 0.2865751640625 0.23755718906249998 0.32847276718749996 0.3029166671875 0.306686275
10 0.4198088234375 0.2631132890625 0.47636928125000005 0.189374728125 0.48265522812499995 0.1323943359375 0.41603758125 0.0703878 0.3431372546875 0.0955250546875 0.33308170000000004 0.1759673203125 0.3594771234375 0.22791939062500002 0.4198088234375 0.2631132890625
10 0.5982908499999999 0.2212156859375 0.617143790625 0.15920915 0.5832075156250001 0.082117646875 0.540472221875 0.082117646875 0.4939673203125 0.1089324625 0.48642483593749997 0.1826710234375 0.5392156859375 0.241326796875 0.5982908499999999 0.2212156859375
37 0.6762189546874999 0.30166013125 0.712669934375 0.2966318078125 0.7440931375 0.2614379078125 0.746606209375 0.19607843125 0.6975866015625 0.13742265781250002 0.6649068625 0.1458017421875 0.627199346875 0.1692636171875 0.6070882359375 0.22791939062500002 0.627199346875 0.27484531562500003 0.6762189546874999 0.30166013125
10 0.6925588234375 0.3184183 0.6988431375 0.422322440625 0.773001634375 0.4893572984375 0.8836094765625001 0.465895425 0.8685261437499999 0.2899281046875 0.7428349671875 0.25473420468749997 0.6925588234375 0.3184183
31 0.9665653593749999 0.7172788671875 0.9753643796875 0.58488453125 0.9012058828124999 0.5094684093749999 0.8257924843750001 0.49941394375000003 0.7742581703125 0.5496906312500001 0.7717450984374999 0.70051851875 0.8622418296875001 0.775934640625 0.9665653593749999 0.7172788671875