17 0.394419934375 0.6838774515625 0.3984411765625 0.7140539218749999 0.40950163437500003 0.7759117640625 0.37933660156250004 0.8136299015624999 0.38134803906250003 0.8619093140625 0.43061764687500004 0.8709632359375 0.47787908437500004 0.8558749999999999 0.514076796875 0.8287181374999999 0.48491666718750004 0.803068628125 0.5040228765625 0.778928921875 0.48592320312500004 0.7487549015625 0.48089542500000004 0.7080171562500001 0.49798856249999995 0.689914215625 0.553292484375 0.689914215625 0.5794362750000001 0.6280539218750001 0.58345915 0.542056371875 0.5703872546875 0.5239509796874999 0.5351928109374999 0.522443628125 0.53318300625 0.4741617640625 0.5361993468749999 0.436443628125 0.48793300625 0.42437500000000006 0.4457009796875 0.42286519531250005 0.38134803906250003 0.48925 0.33911437968749997 0.48472303906249997 0.3569640515625 0.5207401953125 0.37028594843749996 0.6340906859375 0.33911437968749997 0.6491764703125 0.34716013125 0.689914215625 0.394419934375 0.6838774515625
20 0.559326796875 0.9101911765624999 0.5734035953125 0.8875588234375 0.5804428109375 0.908681371875 0.598542484375 0.8935931374999999 0.6226748359375 0.8392794125 0.6347418296875 0.792507353125 0.6116143796875 0.791 0.59150326875 0.8121225484375 0.538210784375 0.8272083328125 0.524132353125 0.8498406859375001 0.48768300625 0.8638774515625001 0.51005555625 0.9479093140625 0.5361993468749999 0.9132083328125 0.559326796875 0.9101911765624999
20 0.6035702609375 0.40475980468749995 0.586475490625 0.348936275 0.5734035953125 0.3187622546875 0.5180996734375001 0.2931127453125 0.4939673203125 0.26293872500000004 0.496983659375 0.29612990156249996 0.4376568625 0.3308308828125 0.454751634375 0.3866544125 0.47385620937499995 0.3866544125 0.496983659375 0.3308308828125 0.507039215625 0.333850490625 0.5542990203125 0.4905735296875 0.6085980390625 0.499811275 0.647813725 0.46511029375 0.6035702609375 0.40475980468749995
37 0.9705882359375 0.42135539218750007 0.961539215625 0.40023284375 0.9384117640625 0.3866544125 0.8921568625 0.4107941171875 0.87104085 0.46360049062500003 0.87104085 0.50282843125 0.890145425 0.5677058828125 0.9152843140625 0.6024068625 0.9333839875000001 0.579774509375 0.9484673203125 0.5978799015625 0.9866764703124999 0.65082843125 0.9947205875 0.6446519609375 0.9947205875 0.4062696078125 0.9705882359375 0.42135539218750007
37 0.30593300625 0.6582303921875 0.28280555625 0.6280539218750001 0.24861764687500001 0.652193628125 0.23755718906249998 0.7080171562500001 0.24459477187499998 0.7366838234374999 0.2747614375 0.7713848046875 0.28908986875 0.7620661765625 0.3119656859375 0.744227940625 0.30593300625 0.705 0.30593300625 0.6582303921875
37 0.8740571890625001 0.0170122546875 0.8519362750000001 0.0019264703125 0.7483660125 0.0034338234374999997 0.7282549015625001 0.07736274531250001 0.7413267968749999 0.1392205875 0.7830571890625 0.1907990203125 0.8288088234375 0.1905196078125 0.8790849671875 0.1422377453125 0.8891405234375 0.0849068625 0.8740571890625001 0.0170122546875
37 0.997736928125 0.010977940625 0.92131699375 0.0060343140625 0.9364003265624999 0.0909411765625 0.9585212421874999 0.1512916671875 0.9983660125 0.21163970625 0.997736928125 0.010977940625
22 0.7574150328125 0.336867646875 0.7292614375 0.3082009796875 0.701106209375 0.29612990156249996 0.6779787578125 0.28858578437500004 0.6417794125 0.31725245156250004 0.6256911765625001 0.38212990156250004 0.628707515625 0.425882353125 0.659879084375 0.46511029375 0.6661633984375 0.481147059375 0.713173203125 0.5073553921875 0.7574150328125 0.4817058828125 0.7735049015625 0.40023284375 0.7574150328125 0.336867646875
31 0.751382353125 0.650686275 0.7403218953125 0.5843014703125 0.6840114374999999 0.539039215625 0.6327303921875 0.55110784375 0.59150326875 0.62654656875 0.6015588234375 0.7321568625 0.6435392156249999 0.7620661765625 0.689039215625 0.77742156875 0.7141781046875 0.77742156875 0.7403218953125 0.730649509375 0.751382353125 0.650686275
37 0.8619901953125 0.809102940625 0.8459019609375 0.8588921562499999 0.862100984375 0.934634996875 0.9022124187499999 0.996188725 0.9967320265625 0.9916617640625001 0.9927091499999999 0.7080171562500001 0.98366013125 0.7125441171875 0.906233659375 0.7427181375 0.8619901953125 0.809102940625
8 0.11387581718749999 0.237289215625 0.073655228125 0.2146593140625 0.03544444375 0.21013235312499998 0.000251634375 0.22974509843750002 0.000251634375 0.5103725484375 0.0455 0.536022059375 0.0615882359375 0.5320514703125 0.1249379078125 0.48019852968750004 0.1571143796875 0.374585784375 0.1430359484375 0.28858578437500004 0.11387581718749999 0.237289215625