17 0.4987746140625 0.8018638828125001 0.5182622109375 0.7787572 0.50061541875 0.74767726875 0.49621009687499995 0.7067322203125 0.513590815625 0.6895486749999999 0.5689261453125 0.6924430578125 0.59603431875 0.6320358015624999 0.6013795125 0.5463666500000001 0.5885781062500001 0.527601940625 0.5533868140625 0.52425471875 0.552116978125 0.47593383906250003 0.5557139921875 0.4384252578125 0.507605490625 0.42384710312499996 0.46537265625 0.4201291140625 0.39996418437500003 0.48305496875 0.35777602656249996 0.47632387343750004 0.3750829828125 0.5132258484375 0.38667255312500004 0.6271182109375 0.35525172031249996 0.6405519265625 0.36267672968750003 0.6816549234375 0.410056034375 0.6780998203124999 0.4136163609375 0.708445390625 0.4237336015625 0.77079731875 0.3929724765625 0.8068850484375 0.39424398437499997 0.855203565625 0.44340259687500005 0.8668236515625001 0.49092247499999997 0.8542295671875 0.5275575921875 0.8290043640625001 0.4987746140625 0.8018638828125001
20 0.551728459375 0.828759703125 0.5372946359374999 0.85062423125 0.5006091296874999 0.8627341484375 0.521704521875 0.9478217375 0.548395809375 0.914536571875 0.5715827046874999 0.9127339484375 0.586014896875 0.890869334375 0.5927338859375 0.9123313390625001 0.6110754390625 0.898211046875 0.6360551921875001 0.845234746875 0.648846975 0.799158325 0.625729528125 0.796442640625 0.605282771875 0.81648370625 0.551728459375 0.828759703125
20 0.4940996984375 0.38544148906250003 0.51809715625 0.330904859375 0.5281120734375 0.334446596875 0.57299306875 0.49342823906250005 0.6271811265625 0.5054951156249999 0.6669517328125 0.47289408125000004 0.623609503125 0.41031077656250003 0.6073618984375 0.3536690796875 0.594745740625 0.3228522828125 0.5398041234375001 0.294343540625 0.5161212265625 0.2629478828125 0.5186298046875 0.29625143593750003 0.45873666875 0.3277999359375 0.474984275 0.3844416328125 0.4940996984375 0.38544148906250003
37 1 0.44075910625 0.9905811718749999 0.4460918578125 0.9818512374999999 0.4245246671875 0.9589190765625 0.40975444687499996 0.91226736875 0.43144027500000004 0.8903288046875 0.48306915312500004 0.8897266687500001 0.5222433328125 0.9078462453125 0.588031728125 0.9324667625 0.62400081875 0.9509241140625001 0.602346746875 0.9657381 0.6212167265625 1 0.6714636578125 1 0.44075910625
37 0.3211946296875 0.6945623734375 0.32191252812500004 0.6478568609375001 0.2992351421875 0.61651135 0.26465728125 0.638828715625 0.25273366875000003 0.69399688125 0.259335225 0.7229925796875001 0.2889863734375 0.75922480625 0.3034659796875 0.7506688406250001 0.3266286 0.7340522796875 0.3211946296875 0.6945623734375
37 0.91425158125 0.105841775 0.9002018421875 0.0372508140625 0.8782999265625 0.021027984375 0.774647709375 0.0171128234375 0.7533903921875 0.08988789375 0.7655202140624999 0.1523450921875 0.8064825921875001 0.2060368375 0.8522644984375001 0.20815226406249998 0.903310303125 0.1625678203125 0.91425158125 0.105841775
37 1 0.034884771875 0.9476569921875001 0.0287613046875 0.9614455984375001 0.11434120625 0.9826527171875 0.17576670781249998 1 0.203542375 1 0.034884771875
22 0.68506566875 0.4898692171875 0.7316998796874999 0.5185019359374999 0.7763605484375 0.495203015625 0.7937101390625 0.4146837125 0.7785837671875 0.3505632765625 0.7508542078125 0.32046245 0.722868278125 0.306934384375 0.699843490625 0.298190209375 0.6631835640625 0.3249230625 0.64609034375 0.38886960625 0.6484368093749999 0.43271995937499996 0.6790239453125 0.47352553437499995 0.68506566875 0.4898692171875
31 0.7285599234375 0.7882505875 0.7554364984374999 0.7429108890625 0.767730646875 0.6636361 0.7576828921875001 0.5967634140625 0.7020352171875001 0.548616128125 0.6505398 0.557984375 0.608131303125 0.6311620515625 0.616571484375 0.737153878125 0.65811661875 0.7692192859375 0.7034067578125 0.7869349203125 0.7285599234375 0.7882505875
37 1 0.7372067125 0.9991908390625 0.7375656484374999 0.9212572343750001 0.763646128125 0.875969659375 0.8276244281249999 0.8591080390625001 0.8765034171874999 0.874153634375 0.9529902453125001 0.9031346421875 1 1 1 1 0.7372067125
8 0.177363240625 0.3568124140625 0.1645968859375 0.270193465625 0.13620758125000001 0.2174410734375 0.0963115125 0.19273720156250002 0.058148514062500004 0.186216646875 0.02263466875 0.20396066406250002 0.0183271296875 0.484203525 0.0632074796875 0.512186 0.0793658 0.5090628453125 0.1435473734375 0.46059643437500003 0.177363240625 0.3568124140625