17 0.5347598234375 0.38727669374999996 0.49334030625 0.384840259375 0.4434519953125 0.3923880015625 0.4370825375 0.43034853125000005 0.423222959375 0.47839230625000007 0.388644190625 0.4766107625 0.3714742953125 0.49347629375 0.3541775796875 0.5797598921875 0.36433334687499996 0.64399760625 0.41808571250000004 0.6491632468749999 0.430235171875 0.6688438796875 0.415302646875 0.7090695124999999 0.390269940625 0.737521465625 0.40288734843749996 0.7634205984375 0.36822021875 0.7863196625 0.396705603125 0.816829228125 0.43892040468750004 0.8363161609375 0.48904041875 0.8318736890625 0.502900978125 0.783832515625 0.4828834046875 0.743336171875 0.5088875125000001 0.6825759546875 0.5202373625 0.6528065640625 0.564682640625 0.6632513125 0.5825484703125 0.6233075718750001 0.5559715296875 0.6053259578125 0.596871559375 0.4933380328125 0.6231021765625 0.45902568749999995 0.5809370515625 0.45960311093749995 0.5347598234375 0.38727669374999996
20 0.282720234375 0.7395304109375 0.25986991875 0.7388759828125 0.2600645265625 0.786726365625 0.270126246875 0.8432375046875 0.283997421875 0.86000059375 0.2960479078125 0.8395575734375 0.30414871250000003 0.86348115625 0.325883296875 0.868655375 0.3427364671875 0.9057621078125001 0.38520335 0.8239076015625001 0.353238015625 0.8064809421874999 0.3451356234375 0.7825572078125 0.297058371875 0.762509396875 0.282720234375 0.7395304109375
20 0.5348925515625 0.35025831093750004 0.5652736390624999 0.29608974374999997 0.5161684140625 0.2558835640625 0.5272849703125 0.22300875156250002 0.4963888328125 0.2508972234375 0.436311378125 0.2713543375 0.41616539374999995 0.3002759078125 0.3857843109375 0.354444475 0.32789985625 0.41059946875 0.35745818906250004 0.44892717656250003 0.4125118453125 0.44477084375000003 0.4970931875 0.292625571875 0.5076112609375001 0.2905483484375 0.5163239578125001 0.34847385625 0.5348925515625 0.35025831093750004
37 0 0.51803775 0.002940546875 0.51514815625 0.0220654484375 0.4984705015625 0.034076267187499995 0.5227698390625 0.06706703593749999 0.4904531453125 0.101634209375 0.427427825 0.11130769843749999 0.3882408046875 0.103805984375 0.33351718125 0.06480154375 0.3050822390625 0.0389745359375 0.3164862953125 0.024970632812499997 0.33674159062500003 0.0052354234375 0.3194174703125 0 0.3406260171875 0 0.51803775
37 0.6697622875 0.63477439375 0.6424863000000001 0.6074665593749999 0.61256626875 0.6354513421875 0.601033028125 0.6821721625 0.5854961078125 0.7207957046875 0.6033312875 0.7407520375 0.6149597890625 0.7513992859374999 0.65283728125 0.7195522078125001 0.666746534375 0.6915727859375 0.6697622875 0.63477439375
37 0.191002071875 0 0.1871004875 0.0082516125 0.18273631562499998 0.066461925 0.2196958015625 0.119389446875 0.26409496718750003 0.12394197968750001 0.3173736921875 0.0763151609375 0.34533280624999996 0.0157428203125 0.345059184375 0 0.191002071875 0
37 0.0808471765625 0 0.0496874015625 0.1246500953125 0.10329596249999999 0.068086690625 0.1396785171875 0.00986535 0.14388890625 0 0.0808471765625 0
22 0.3698644625 0.3297719828125 0.3702261609375 0.2634594953125 0.342111503125 0.2314415453125 0.3177725375 0.236817584375 0.287430515625 0.24624624218750002 0.2529976609375 0.27225333125 0.2217335328125 0.3340495625 0.21728100156250002 0.41694048281249996 0.2539565328125 0.446695625 0.3061103671875 0.4249055609375 0.3161729921875 0.4094725078125 0.356143528125 0.3731970546875 0.3698644625 0.3297719828125
31 0.321353296875 0.4979161625 0.2744870296875 0.481070240625 0.208594834375 0.5210256249999999 0.1814743921875 0.5863080843749999 0.1725058625 0.667221003125 0.1863823421875 0.716386221875 0.2108159578125 0.7187343109375 0.25882604374999996 0.7076448453124999 0.3070042171875 0.681687890625 0.342820834375 0.577126996875 0.321353296875 0.4979161625
37 0 0.8637138109375 0.0038411062500000002 0.85961898125 0.0382636140625 0.7854682140625 0.034904603125 0.7342282203125 0.008272678125 0.6637801234375 0 0.659220740625 0 0.8637138109375
8 0.9030380671874999 0.23288828593750002 0.8620464515625 0.28140765624999997 0.8271556578125001 0.36600295625 0.832385640625 0.47451096406250004 0.8811712593750001 0.5322269640624999 0.895829003125 0.537696125 0.9461330125 0.516299775 0.9598299828125001 0.46081374531249997 0.9781658203125 0.21327995 0.9477107281249999 0.214038778125 0.9030380671874999 0.23288828593750002