30 0.6755493609375 0.1731907734375 0.559212096875 0.0366907921875 0.4278046203125 0.0854165859375 0.3719829953125 0.25151588281250004 0.41782830625 0.3942666265625 0.509690015625 0.4452543453125 0.5097595640625 0.44860102187499995 0.6476800859375 0.3492000171875 0.6755493609375 0.1731907734375
5 0.4364898515625 0.0178531890625 0.2790117734375 0.025726445312500002 0.2399682734375 0.14952982812499999 0.2348712078125 0.3290871234375 0.2611984234375 0.44295454375 0.332456828125 0.4735062390625 0.3933706234375 0.43102696875 0.3666338671875 0.23678589218749999 0.44015677656249996 0.0728913625 0.4364898515625 0.0178531890625
37 0.5593244734375 0.7703369671875 0.5944189421875 0.45650804687499996 0.4283906875 0.41703086875000006 0.22624028593749998 0.5205974421875 0.21435964218749998 0.677145296875 0.5593244734375 0.7703369671875
28 0.15580590156250002 0.34761791249999996 0.160685153125 0.2183251671875 0.03600863125 0.1661155453125 0.01342814375 0.2932057015625 0.091459840625 0.3582654609375 0.15580590156250002 0.34761791249999996
35 0 0.5360576765625 0.0578585140625 0.5499494921875 0.11082471875 0.5498616328125 0.139207834375 0.45924497343750004 0.1353339875 0.3941710140625 0.1072442203125 0.377569784375 0.023042692187499998 0.3311063515625 0 0.3421121203125 0 0.5360576765625
37 0.15871671874999999 0.5484307015625001 0.0907080796875 0.55284364375 0.050961378125 0.5822213515625 0.028040901562499998 0.6322845265625 0.0383871046875 0.7053132109375 0.105094315625 0.7596098390625 0.1889193734375 0.7273697968749999 0.21992653906249998 0.6416085625 0.15871671874999999 0.5484307015625001
37 0.2731980265625 0.7168776078125 0.2072555859375 0.6993813734375001 0.171600590625 0.7435706625 0.1544115578125 0.8267607625 0.2086987453125 0.8902380046875 0.316523590625 0.8597918546875001 0.315696890625 0.759344665625 0.2731980265625 0.7168776078125
10 0.3912283859375 0.752769075 0.33150573437499997 0.7918198640624999 0.3061350140625 0.8453910421874999 0.31787932812499997 0.92502920625 0.39144724062499997 0.9453796531249999 0.456912275 0.879157625 0.4494317921875 0.8226924015625 0.3912283859375 0.752769075
10 0.5709373546875 0.7829838328125 0.51132658125 0.766751253125 0.4596465625 0.8287297859375 0.4687337125 0.9018401703125001 0.5158880734375 0.925581221875 0.5587090546875 0.9228026546875 0.591114284375 0.8436487265625001 0.5709373546875 0.7829838328125
37 0.7161976671875 0.73335698125 0.683981440625 0.7002719171875 0.647353071875 0.6976229609375 0.5987913890625001 0.7275748359375 0.5796133265625001 0.7757206640625001 0.6009814453125 0.8329592531250001 0.63925123125 0.85392561875 0.6721703 0.860164271875 0.7200715140625 0.7984309374999999 0.7161976671875 0.73335698125
10 0.715076028125 0.7401299625 0.8402892062499999 0.6968296234375 0.851752734375 0.520210409375 0.74043645 0.5039838828125001 0.6675197484375001 0.5757151296874999 0.6633780921875 0.67983371875 0.715076028125 0.7401299625
31 0.9296605625 0.26390304531250003 0.8239111734375 0.2121397875 0.734797328125 0.2932989171875 0.7404440250000001 0.4436815875 0.793124546875 0.4905136703125 0.8684805984375 0.47557475625 0.9412234500000001 0.39547790625 0.9296605625 0.26390304531250003